
 ----==== [leftmost] ====---- 
0.004
0.014
0.008
0.015
0.043
0.030
0.506
0.527
0.064
0.114
0.270
0.029
0.065
0.006
0.046
0.049
0.004
0.129

 ----==== [min] ====---- 
0.004
0.014
0.008
0.015
0.043
0.031
0.518
0.541
0.066
0.116
0.274
0.030
0.069
0.007
0.047
0.049
0.004
0.130

 ----==== [max] ====---- 
0.004
0.014
0.008
0.015
0.043
0.031
0.507
0.519
0.064
0.115
0.271
0.028
0.066
0.006
0.048
0.049
0.004
0.128

 ----==== [ff] ====---- 
0.003
0.014
0.008
0.015
0.043
0.032
0.526
0.536
0.069
0.121
0.281
0.029
0.069
0.006
0.048
0.050
0.004
0.129

 ----==== [anti_first_fail] ====---- 
0.005
0.014
0.009
0.016
0.043
0.031
0.511
0.524
0.064
0.116
0.272
0.029
0.065
0.007
0.047
0.049
0.004
0.129

 ----==== [occurrence] ====---- 
0.004
0.015
0.008
0.015
0.043
0.032
0.522
0.536
0.065
0.115
0.272
0.028
0.066
0.006
0.047
0.049
0.004
0.129

 ----==== [ffc] ====---- 
0.005
0.014
0.008
0.015
0.045
0.031
0.513
0.523
0.064
0.123
0.276
0.030
0.070
0.007
0.049
0.049
0.004
0.130

 ----==== [max_regret] ====---- 
0.004
0.014
0.008
0.015
0.043
0.030
0.510
0.528
0.063
0.115
0.270
0.029
0.066
0.006
0.048
0.049
0.004
0.129

 ----==== [step] ====---- 
0.004
0.014
0.007
0.015
0.043
0.033
0.523
0.522
0.066
0.117
0.271
0.030
0.070
0.006
0.049
0.051
0.004
0.132

 ----==== [enum] ====---- 
0.004
0.014
0.008
0.015
0.042
0.031
0.512
0.523
0.066
0.117
0.276
0.033
0.066
0.006
0.048
0.050
0.004
0.132

 ----==== [bisect] ====---- 
0.004
0.014
0.008
0.015
0.043
0.030
0.515
0.527
0.065
0.123
0.272
0.029
0.069
0.007
0.049
0.052
0.004
0.136

 ----==== [median] ====---- 
0.004
0.014
0.008
0.015
0.043
0.030
0.517
0.540
0.068
0.121
0.277
0.028
0.066
0.007
0.047
0.050
0.005
0.142

 ----==== [up] ====---- 
0.004
0.014
0.008
0.015
0.042
0.031
0.522
0.537
0.064
0.114
0.287
0.030
0.066
0.007
0.046
0.048
0.004
0.138

 ----==== [down] ====---- 
0.023
0.011
0.013
0.040
0.019
0.014
0.733
0.159
0.706
0.037
0.100
0.113
0.142
0.007
0.042
0.032
0.005
0.033
